30.9919 -305.146
30.9252 -305.064
30.9432 -305.098
31.4566 -305.605
31.5529 -305.7
31.1298 -305.283
30.9806 -305.141
30.8999 -305.052
30.8073 -304.951
30.9821 -305.133
31.2865 -305.45
31.1994 -305.352
31.1398 -305.285
31.2517 -305.391
31.4757 -305.618
31.1662 -305.32
30.8279 -304.984
30.8759 -305.029
31.0628 -305.209
31.3999 -305.549
30.9282 -305.082
31.1804 -305.317
30.7098 -304.854
31.0993 -305.25
31.0977 -305.25
30.5388 -304.68
31.5982 -305.733
30.8125 -304.97
31.1977 -305.344
30.5001 -304.648
30.7343 -304.88
30.9948 -305.141
31.1122 -305.252
31.159 -305.312
31.2358 -305.38
30.5137 -304.676
31.3894 -305.541
30.9372 -305.086
31.0222 -305.172
30.5406 -304.696
30.8779 -305.026
30.9905 -305.139
31.1989 -305.357
31.0944 -305.235
30.9524 -305.104
30.9511 -305.116
30.9959 -305.148
31.3082 -305.471
31.1598 -305.296
30.8089 -304.977
31.2404 -305.393
30.6216 -304.789
31.195 -305.34
31.2414 -305.4
30.8159 -304.972
31.0807 -305.242
31.1728 -305.328
31.1919 -305.345
31.0134 -305.17
31.1235 -305.269
31.3844 -305.544
31.01 -305.171
30.7107 -304.866
31.5178 -305.674
31.1302 -305.273
30.8862 -305.039
30.6972 -304.848
30.5016 -304.663
31.098 -305.245
30.996 -305.136
30.7219 -304.864
30.6224 -304.78
31.2803 -305.436
31.7427 -305.887
31.0871 -305.227
31.2192 -305.368
31.2274 -305.375
31.0947 -305.231
30.8178 -304.969
31.5381 -305.688
30.7652 -304.915
31.1298 -305.274
30.9557 -305.097
30.9761 -305.12
31.0405 -305.181
31.3516 -305.504
31.185 -305.331
30.9665 -305.117
31.0124 -305.17
31.1465 -305.288
31.2892 -305.44
31.296 -305.452
30.899 -305.06
31.0321 -305.185
30.8711 -305.008
30.8754 -305.013
31.409 -305.552
31.0084 -305.15
30.9136 -305.057
30.959 -305.11
31.7629 -305.899
31.4921 -305.646
31.3213 -305.469
31.2426 -305.396
30.9698 -305.116
30.6846 -304.826
31.2635 -305.416
31.0498 -305.197
31.2363 -305.385
30.8841 -305.044
30.8788 -305.026
30.667 -304.828
30.8722 -305.017
31.553 -305.694
31.0098 -305.153
31.3535 -305.485
30.7456 -304.905
31.295 -305.447
31.1053 -305.253
30.7961 -304.94
30.7384 -304.875
31.467 -305.622
31.222 -305.376
30.3667 -304.522
30.6403 -304.802
31.1718 -305.318
31.1672 -305.304
31.0927 -305.241
31.3983 -305.556
31.0456 -305.204
30.8699 -305.013
31.5012 -305.651
31.7206 -305.866
31.0817 -305.234
31.0762 -305.233
30.972 -305.113
31.1857 -305.344
31.0767 -305.227
30.9243 -305.08
31.0034 -305.155
30.9181 -305.067
31.033 -305.19
31.5931 -305.737
30.9715 -305.129
30.8036 -304.97
30.5786 -304.741
31.4214 -305.572
30.9712 -305.101
31.2052 -305.349
32.1627 -306.31
31.2894 -305.427
30.8563 -305.001
31.1374 -305.277
31.5151 -305.655
31.3972 -305.55
30.6173 -304.776
31.3496 -305.488
30.6769 -304.825
30.7434 -304.901
31.0779 -305.225
31.1338 -305.276
31.0506 -305.213
30.9164 -305.074
31.1822 -305.321
31.0011 -305.147
30.9749 -305.123
30.7104 -304.868
31.5828 -305.728
31.052 -305.206
31.1987 -305.332
30.7421 -304.876
31.087 -305.237
30.7497 -304.906
30.9841 -305.13
31.2769 -305.42
31.0786 -305.225
31.3451 -305.488
31.241 -305.387
31.4744 -305.623
31.1147 -305.263
31.4035 -305.551
31.2822 -305.427
30.7761 -304.918
31.5619 -305.704
30.8549 -305.008
30.7633 -304.91
30.851 -304.99
30.6325 -304.785
31.013 -305.151
30.8345 -304.986
30.8312 -304.994
31.2747 -305.421
30.8861 -305.011
30.7484 -304.899
30.9232 -305.073
31.3699 -305.52
30.9048 -305.044
31.454 -305.579
31.0522 -305.193
31.7417 -305.87
30.9545 -305.116
30.9654 -305.117
30.8081 -304.958
31.4356 -305.573
31.4446 -305.585
30.9608 -305.107
31.0554 -305.217
30.917 -305.071
30.9915 -305.141
30.9171 -305.074
30.5894 -304.745
31.1208 -305.276
30.9703 -305.122
30.8783 -305.03
31.3498 -305.491
31.0647 -305.223
31.0489 -305.197
31.174 -305.325
31.0747 -305.23
31.137 -305.295
31.0734 -305.228
31.1247 -305.266
30.8311 -304.973
31.5998 -305.738
31.0374 -305.188
30.5991 -304.742
30.9552 -305.11
31.3066 -305.457
31.287 -305.436
31.0504 -305.205
30.5465 -304.709
30.8584 -304.998
31.3969 -305.537
31.4068 -305.554
31.1438 -305.297
31.3222 -305.469
31.2206 -305.371
30.4928 -304.637
31.3031 -305.458
31.1145 -305.26
30.9512 -305.099
30.8935 -305.041
31.1506 -305.295
30.9304 -305.091
30.8417 -304.989
30.671 -304.816
30.6103 -304.765
31.3423 -305.484
30.2554 -304.42
31.3138 -305.46
30.8508 -305.008
30.9543 -305.099
30.8208 -304.974
31.2997 -305.443
30.6831 -304.833
31.1699 -305.318
31.4104 -305.541
30.8621 -305.015
31.1202 -305.269
31.1099 -305.268
31.1154 -305.265
30.5096 -304.652
31.0912 -305.227
31.0216 -305.165
31.2163 -305.365
30.6826 -304.836
31.6391 -305.778
30.932 -305.089
31.0193 -305.176
30.9757 -305.126
30.989 -305.156
31.377 -305.535
30.6174 -304.775
31.0635 -305.199
31.1475 -305.299
30.7021 -304.863
31.5116 -305.651
30.8433 -305.003
31.3422 -305.486
30.9229 -305.081
31.4382 -305.582
31.011 -305.171
30.765 -304.934
31.333 -305.483
30.8971 -305.06
31.0342 -305.191
30.8468 -304.996
30.9062 -305.057
31.0628 -305.221
31.0423 -305.197
31.0419 -305.195
31.2025 -305.355
30.9908 -305.144
30.6237 -304.775
31.4122 -305.561
30.8974 -305.05
30.9499 -305.108
31.0546 -305.208
31.023 -305.177
31.3273 -305.473
30.7294 -304.889
30.4878 -304.628
31.2679 -305.406
31.0596 -305.203
31.1698 -305.314
30.826 -304.987
31.216 -305.353
30.7073 -304.866
30.6743 -304.819
31.1077 -305.264
31.2994 -305.451
31.178 -305.339
31.0001 -305.148
31.0384 -305.195
31.2121 -305.376
31.5284 -305.674
31.0637 -305.223
30.6519 -304.795
30.9002 -305.05
31.3322 -305.478
31.0441 -305.197
31.3691 -305.511
31.2563 -305.392
31.1724 -305.327
30.6943 -304.86
30.9232 -305.076
30.9227 -305.078
31.3053 -305.443
31.0372 -305.182
30.9902 -305.135
30.9312 -305.08
31.0533 -305.21
30.9915 -305.139
31.1864 -305.34
31.1889 -305.334
31.4838 -305.622
30.9415 -305.117
30.8318 -304.979
31.6087 -305.752
31.3993 -305.556
31.244 -305.39
31.119 -305.249
31.0286 -305.173
31.1603 -305.309
31.3018 -305.455
30.6767 -304.84
31.6195 -305.763
30.8953 -305.056
31.2503 -305.391
31.0918 -305.249
31.1643 -305.309
30.5433 -304.688
31.1568 -305.295
30.6974 -304.834
30.969 -305.11
30.9806 -305.123
31.2499 -305.397
30.5728 -304.725
30.5012 -304.665
30.8958 -305.052
30.7792 -304.94
31.0223 -305.167
31.0395 -305.207
31.2721 -305.424
31.0875 -305.231
31.5434 -305.69
30.9361 -305.092
31.3093 -305.464
31.2009 -305.352
30.7983 -304.948
31.0352 -305.183
30.8411 -305.004
30.9249 -305.081
31.178 -305.325
30.9666 -305.105
31.063 -305.202
30.6228 -304.786
31.2034 -305.361
30.9999 -305.167
31.4621 -305.611
31.3918 -305.544
30.7499 -304.899
30.7637 -304.915
31.1404 -305.299
30.8093 -304.959
31.0655 -305.217
31.0915 -305.237
30.7861 -304.934
30.7912 -304.949
30.9047 -305.062
30.5734 -304.731
31.1154 -305.268
31.5726 -305.7
30.7104 -304.872
30.9548 -305.108
31.1966 -305.349
31.0156 -305.184
30.4265 -304.587
31.0019 -305.137
31.0534 -305.197
30.9025 -305.061
31.2246 -305.369
30.8145 -304.969
31.2518 -305.408
31.2934 -305.448
31.1072 -305.258
30.7096 -304.848
31.1697 -305.316
30.8056 -304.957
31.1349 -305.277
30.8154 -304.972
31.0002 -305.15
30.9454 -305.093
31.17 -305.325
31.4344 -305.577
31.0406 -305.194
31.2909 -305.444
30.9203 -305.09
31.1397 -305.287
31.0617 -305.207
30.9506 -305.109
31.5118 -305.654
31.2166 -305.364
30.6343 -304.788
30.7213 -304.876
31.475 -305.606
31.1892 -305.339
31.1007 -305.247
30.7505 -304.894
31.0195 -305.169
30.6966 -304.854
31.3137 -305.453
31.1893 -305.336
30.6588 -304.809
31.4499 -305.6
31.2842 -305.425
30.693 -304.844
31.3275 -305.472
30.7849 -304.926
30.8552 -305.006
31.2902 -305.435
31.1296 -305.278
30.71 -304.862
30.9404 -305.099
30.8657 -305.015
31.5192 -305.68
30.8555 -305.012
30.8898 -305.056
31.2501 -305.41
31.5345 -305.679
30.8475 -304.991
30.9602 -305.113
31.137 -305.282
30.9584 -305.116
31.5366 -305.688
30.9248 -305.078
30.8682 -305.023
30.642 -304.811
31.1639 -305.312
30.9661 -305.107
30.9723 -305.113
31.1932 -305.357
31.4959 -305.647
31.1521 -305.305
31.0549 -305.203
31.4384 -305.572
30.6967 -304.836
31.0918 -305.231
31.5571 -305.703
31.1056 -305.25
30.7008 -304.866
31.0546 -305.199
31.141 -305.301
31.0643 -305.229
30.4115 -304.571
30.5912 -304.751
30.8004 -304.953
31.1833 -305.339
31.1125 -305.253
31.3445 -305.486
31.2699 -305.405
31.2055 -305.361
30.7791 -304.927
31.1759 -305.32
30.8795 -305.022
31.0104 -305.157
30.9116 -305.055
30.7614 -304.915
31.3648 -305.511
31.0259 -305.183
30.5415 -304.701
31.4281 -305.571
31.0584 -305.207
30.9626 -305.118
31.2093 -305.355
30.8111 -304.957
30.9442 -305.1
31.3778 -305.524
31.4088 -305.558
30.768 -304.922
30.495 -304.653
30.9997 -305.159
31.0157 -305.172
30.8078 -304.966
31.4444 -305.586
31.1265 -305.27
31.2017 -305.36
31.1206 -305.281
30.6991 -304.851
31.0617 -305.201
31.1491 -305.299
31.0408 -305.181
31.1807 -305.331
30.7372 -304.888
30.8505 -304.989
31.1882 -305.329
30.9959 -305.142
31.3231 -305.482
31.3863 -305.531
30.7876 -304.941
30.9583 -305.116
30.8527 -305.003
31.1197 -305.271
30.9426 -305.102
31.9734 -306.103
31.5298 -305.673
30.985 -305.135
30.7329 -304.887
30.9498 -305.101
31.0292 -305.183
31.4132 -305.568
30.9952 -305.133
31.2828 -305.414
31.0748 -305.229
30.9303 -305.073
30.5143 -304.67
31.237 -305.381
31.3685 -305.508
30.664 -304.822
30.8306 -304.99
30.8055 -304.948
30.8884 -305.04
30.9375 -305.085
31.072 -305.224
31.1383 -305.286
30.913 -305.072
30.5745 -304.736
31.0931 -305.235
31.326 -305.471
31.0845 -305.234
31.2266 -305.36
31.2594 -305.407
30.8002 -304.958
30.6954 -304.857
30.948 -305.103
31.1898 -305.349
31.2066 -305.355
31.0029 -305.154
30.9329 -305.097
30.5013 -304.665
31.1273 -305.269
30.4315 -304.579
30.6188 -304.775
31.2128 -305.365
31.2109 -305.352
30.9003 -305.05
31.1839 -305.326
30.5553 -304.695
30.7049 -304.865
31.0997 -305.254
31.0037 -305.153
30.96 -305.115
31.1004 -305.247
30.8341 -304.987
31.4727 -305.61
31.179 -305.322
30.938 -305.089
31.192 -305.325
31.0735 -305.208
30.8249 -304.965
31.1591 -305.308
31.0781 -305.224
30.9059 -305.054
31.269 -305.414
30.6272 -304.791
31.6738 -305.828
31.4295 -305.576
30.4947 -304.656
31.1278 -305.284
31.1485 -305.302
31.4575 -305.608
31.0017 -305.166
31.3981 -305.559
31.428 -305.574
30.2977 -304.462
31.5005 -305.654
31.0816 -305.236
30.7675 -304.92
31.2429 -305.385
30.5595 -304.718
31.2843 -305.428
30.6646 -304.801
31.0937 -305.235
31.3465 -305.49
31.1941 -305.346
31.1673 -305.324
31.114 -305.262
31.2166 -305.359
30.6415 -304.784
31.3397 -305.479
31.2443 -305.388
31.344 -305.483
31.008 -305.163
31.2894 -305.439
30.4067 -304.563
30.8106 -304.977
31.0627 -305.221
30.7403 -304.904
30.8695 -305.029
31.6075 -305.746
30.7934 -304.953
30.5873 -304.745
31.7176 -305.861
31.2916 -305.448
31.1303 -305.297
31.1112 -305.257
30.5944 -304.76
30.6853 -304.856
31.0569 -305.221
30.9925 -305.147
31.0838 -305.231
31.2456 -305.4
30.5148 -304.672
30.7848 -304.944
31.2079 -305.358
31.1696 -305.317
30.9923 -305.143
31.1726 -305.32
31.1502 -305.298
30.6511 -304.794
31.169 -305.314
31.1729 -305.313
31.4459 -305.586
31.1635 -305.319
30.8295 -304.98
31.2177 -305.372
30.9874 -305.145
31.4092 -305.559
31.1779 -305.32
31.4271 -305.572
31.3051 -305.451
31.2223 -305.375
30.8611 -305.026
30.5955 -304.754
30.936 -305.09
31.1593 -305.31
30.938 -305.093
31.0565 -305.217
31.2631 -305.409
31.1212 -305.276
31.0709 -305.203
30.7602 -304.918
30.8729 -305.02
31.1943 -305.343
30.9816 -305.154
31.0338 -305.184
31.4158 -305.578
31.4121 -305.545
30.8169 -304.966
30.8439 -304.985
30.9894 -305.151
31.0669 -305.231
31.2054 -305.368
31.0352 -305.189
30.3538 -304.516
31.3457 -305.498
31.2624 -305.424
30.7923 -304.929
31.0832 -305.243
31.184 -305.34
31.1494 -305.298
31.4612 -305.613
30.929 -305.082
30.8893 -305.044
30.4989 -304.646
31.1473 -305.294
31.112 -305.253
30.9712 -305.123
31.2774 -305.43
30.8488 -305.004
30.706 -304.864
30.7818 -304.931
31.1422 -305.289
31.6582 -305.802
31.1591 -305.308
31.0085 -305.152
31.242 -305.383
31.3804 -305.532
31.3907 -305.548
31.1627 -305.31
31.3613 -305.497
31.0952 -305.239
30.6665 -304.812
31.2205 -305.374
31.0906 -305.248
30.8723 -305.022
30.5615 -304.714
31.2242 -305.37
30.7065 -304.86
30.736 -304.882
30.7321 -304.883
31.2247 -305.361
31.5973 -305.738
30.9451 -305.099
30.7221 -304.874
31.0856 -305.219
30.8773 -305.033
30.9963 -305.135
30.7728 -304.916
30.98 -305.14
31.1285 -305.282
31.537 -305.689
31.0477 -305.193
31.4343 -305.59
31.0269 -305.165
31.1074 -305.252
30.9782 -305.127
31.1229 -305.274
30.7195 -304.88
31.3725 -305.535
30.8713 -305.013
30.7287 -304.88
30.9962 -305.144
31.4132 -305.56
31.4579 -305.601
31.5632 -305.701
31.1247 -305.266
30.8803 -305.038
31.0193 -305.172
31.0788 -305.243
31.4019 -305.556
31.175 -305.335
30.6351 -304.785
30.8274 -304.983
31.0988 -305.267
30.8066 -304.953
30.5395 -304.693
31.0241 -305.161
31.08 -305.23
31.42 -305.579
31.1505 -305.297
30.3965 -304.546
31.344 -305.5
31.0331 -305.172
31.0254 -305.168
30.7295 -304.875
30.87 -305.031
30.8193 -304.972
31.3407 -305.495
31.1842 -305.346
30.8723 -305.033
30.5703 -304.727
31.2242 -305.386
31.0684 -305.226
31.3298 -305.492
30.9727 -305.131
31.4125 -305.572
31.1786 -305.336
31.0042 -305.158
30.761 -304.918
30.6883 -304.837
31.1282 -305.287
30.814 -304.97
30.8778 -305.02
30.5988 -304.759
30.7778 -304.928
31.2123 -305.351
31.1989 -305.337
30.8244 -304.98
31.2439 -305.386
31.3434 -305.482
30.9476 -305.098
30.8595 -305.005
31.0959 -305.254
31.026 -305.166
30.9324 -305.085
30.9214 -305.076
30.9277 -305.072
30.8166 -304.966
31.0375 -305.188
30.9611 -305.114
31.2623 -305.408
31.3073 -305.455
31.1418 -305.291
31.0762 -305.225
30.9232 -305.056
31.2445 -305.394
31.0013 -305.153
30.6553 -304.813
30.9443 -305.101
30.8692 -305.024
31.062 -305.219
30.6522 -304.81
31.009 -305.162
30.9568 -305.099
30.3828 -304.534
31.3377 -305.483
31.3022 -305.45
30.7474 -304.907
31.1289 -305.276
31.0002 -305.154
30.8622 -305.013
31.2548 -305.409
31.7854 -305.931
31.3256 -305.489
31.5012 -305.657
31.227 -305.381
31.3794 -305.522
30.7445 -304.901
30.707 -304.861
30.9137 -305.069
31.2105 -305.366
30.9195 -305.087
30.8792 -305.037
31.1156 -305.273
31.2385 -305.392
31.2052 -305.349
30.508 -304.661
31.3363 -305.488
30.6097 -304.766
30.7499 -304.895
30.9365 -305.076
30.9493 -305.104
30.9682 -305.114
30.878 -305.027
31.2165 -305.36
31.1253 -305.259
30.9791 -305.132
31.1449 -305.29
31.453 -305.587
31.268 -305.401
30.8501 -305.003
31.0346 -305.189
31.3282 -305.47
30.8955 -305.049
31.0035 -305.149
31.6685 -305.813
30.6451 -304.809
31.5406 -305.689
30.9759 -305.121
31.1233 -305.28
31.3907 -305.531
31.2724 -305.415
30.6836 -304.829
31.2308 -305.386
30.8021 -304.952
30.9151 -305.077
30.52 -304.683
30.9004 -305.058
30.8449 -304.992
30.7159 -304.854
31.0907 -305.23
31.2404 -305.378
30.8267 -304.985
31.1726 -305.315
30.9835 -305.138
30.9738 -305.132
31.4636 -305.603
31.2443 -305.391
31.1034 -305.265
30.5452 -304.703
30.8929 -305.046
31.266 -305.411
31.395 -305.541
31.1626 -305.311
31.1444 -305.289
31.3355 -305.481
31.6499 -305.8
31.072 -305.216
31.4754 -305.625
30.6762 -304.831
30.9638 -305.103
30.7203 -304.869
31.3649 -305.509
31.5365 -305.668
30.871 -305.043
31.1922 -305.346
31.0723 -305.215
30.9712 -305.126
31.2102 -305.357
31.0396 -305.198
31.0523 -305.204
30.9015 -305.054
30.3225 -304.469
30.8064 -304.951
31.2045 -305.348
30.886 -305.034
30.9902 -305.141
31.0404 -305.191
30.7797 -304.934
30.8831 -305.033
31.4318 -305.576
30.596 -304.742
30.932 -305.092
30.9862 -305.14
30.7991 -304.949
31.1286 -305.275
31.2157 -305.368
30.9724 -305.117
31.3969 -305.547
31.0897 -305.236
31.492 -305.642
31.0349 -305.179
31.1554 -305.302
31.0099 -305.157
31.2933 -305.442
30.9109 -305.051
31.0036 -305.148
31.5423 -305.68
31.3821 -305.525
31.1806 -305.33
31.4184 -305.549
31.0272 -305.173
31.2276 -305.363
31.4082 -305.558
31.1288 -305.271
30.7662 -304.93
31.2302 -305.38
31.3096 -305.464
31.1741 -305.327
31.2114 -305.358
30.9471 -305.081
30.8008 -304.951
30.8296 -304.995
30.8689 -305.023
30.9216 -305.075
30.8975 -305.055
30.7446 -304.899
31.2016 -305.349
30.592 -304.731
31.1317 -305.284
31.1634 -305.31
31.1305 -305.273
30.88 -305.027
30.9769 -305.12
31.0481 -305.199
30.8078 -304.967
30.6734 -304.822
31.2565 -305.402
31.0528 -305.204
30.9169 -305.069
31.1566 -305.299
31.0682 -305.218
30.9476 -305.096
31.2739 -305.426
30.9005 -305.046
30.8789 -305.028
31.6038 -305.758
30.9096 -305.062
31.4221 -305.568
31.2122 -305.352
31.1647 -305.332
31.167 -305.309
31.2046 -305.346
30.8309 -304.994
31.3987 -305.544
31.2598 -305.41
30.9709 -305.13
31.3623 -305.507
30.698 -304.858
30.6844 -304.836
31.0905 -305.239
31.3353 -305.477
31.3184 -305.472
31.0942 -305.256
30.9981 -305.155
30.8764 -305.038
30.8476 -305.004
31.9293 -306.071
31.0656 -305.219
31.1064 -305.252
31.0955 -305.241
30.9811 -305.135
31.5134 -305.645
30.9656 -305.109
30.9658 -305.12
31.011 -305.177
31.2091 -305.363
30.5695 -304.72
31.2466 -305.403
31.3608 -305.509
31.141 -305.295
30.9933 -305.159
31.1952 -305.349
30.9844 -305.133
30.9054 -305.061
30.8594 -305.01
30.7232 -304.872
31.0841 -305.239
31.1076 -305.271
